112
72
108
95
122
48
111
55
91
132
86
97
103
62
87
106
120
164
97
91
131
81
115
94
46
184
99
146
171
116
108
125
115
93
117
114
95
139
77
102
100
136
143
85
82
190
94
109
65
83
113
67
104
112
76
172
94
118
92
135
102
121
146
98
64
105
69
117
130
108
95
64
124
110
100
63
121
70
129
72
122
142
94
145
114
144
120
81
160
164
118
131
102
111
64
68
144
82
83
126
90
101
43
148
91
105
171
148
119
111
51
111
35
129
140
96
85
119
107
50
99
149
128
110
138
81
106
112
119
83
57
95
93
47
80
153
98
102
87
106
142
103
53
79
89
84
103
108
110
103
106
67
100
100
93
62
141
111
126
80
116
128
75
165
75
66
108
106
84
109
81
134
50
60
139
76
100
105
123
79
30
116
89
91
131
113
83
96
121
150
138
125
126
113
147
71
97
87
90
87
115
102
55
95
119
57
39
82
35
103
91
81
136
74
87
93
59
84
118
96
125
147
114
38
99
151
110
93
65
123
108
71
76
114
109
155
81
123
86
85
74
97
125
73
100
94
121
114
79
89
148
116
144
94
93
122
115
157
96
102
134
138
73
54
126
126
104
58
114
139
117
84
95
89
113
86
96
85
122
73
44
116
130
71
120
117
116
82
47
111
97
93
100
85
87
137
86
142
34
79
47
104
137
119
140
102
142
98
113
47
124
107
88
104
148
142
86
135
65
48
89
44
66
100
65
107
136
105
95
119
73
95
106
42
96
82
115
77
142
71
106
110
134
152
102
106
120
99
93
111
94
27
104
113
97
127
95
91
136
91
102
94
78
91
42
121
112
131
89
97
124
62
96
121
105
55
91
82
70
122
80
148
136
73
196
79
94
101
66
90
95
119
69
85
122
86
130
107
86
88
135
98
96
108
183
77
122
70
98
63
122
99
129
114
98
112
113
104
139
142
91
139
111
116
71
70
37
69
85
88
113
73
100
112
107
101
120
86
108
64
99
65
55
101
79
48
125
89
124
47
84
113
93
113
77
148
108
74
154
63
108
71
146
128
99
127
118
41
87
140
82
97
45
106
116
96
138
154
121
114
133
91
99
97
78
100
68
26
89
103
153
102
71
67
93
107
99
127
138
131
100
97
84
106
96
65
139
156
115
68
86
79
87
119
82
167
97
70
52
119
84
138
59
78
119
82
146
123
78
144
48
86
73
79
130
122
132
151
117
146
125
158
90
106
123
123
101
81
117
98
91
33
97
52
157
164
107
99
70
45
95
168
122
69
74
114
129
66
104
63
122
97
143
116
102
122
48
107
127
154
78
73
111
133
92
99
101
83
73
126
50
118
82
82
98
38
144
151
86
117
66
88
89
114
62
108
82
79
89
115
120
114
132
72
83
124
69
92
145
149
103
84
123
91
140
113
127
133
106
112
72
139
119
66
72
96
142
125
81
86
151
86
71
110
150
56
115
89
91
120
106
96
92
64
73
101
100
100
110
114
71
135
91
44
62
92
49
64
49
127
69
100
107
102
106
81
84
89
139
77
98
91
108
118
105
103
135
94
119
60
82
81
110
129
151
151
113
77
111
113
116
51
142
69
83
108
101
133
85
123
185
95
80
182
84
92
90
87
109
73
120
127
74
110
130
95
120
89
149
120
88
77
77
89
53
75
106
166
128
94
154
78
79
73
138
113
125
105
125
88
92
125
84
116
98
52
98
75
109
130
114
119
54
138
144
106
78
86
90
76
94
113
92
66
119
174
89
126
128
84
95
98
99
103
61
94
73
104
99
117
128
79
50
115
102
116
104
144
119
86
96
105
118
118
107
83
71
112
71
110
65
80
109
119
122
145
93
141
48
154
126
94
120
80
95
75
88
147
119
97
108
79
109
103
129
115
115
94
85
59
102
105
103
95
114
56
137
120
85
109
86
49
99
74
56
54
111
87
129
102
124
90
55
96
95
92
111
94
138
117
104
55
107
145
111
54
92
93
145
83
46
107
104
73
52
142
114
101
115
65
111
77
89
98
146
142
83
128
113
128
151
117
96
87
116
40
115
49
74
98
106
56
122
86
88
70
134
85
109
101
121
92