89
59
96
86
76
39
100
43
66
105
52
47
56
54
76
52
108
144
63
78
114
48
93
89
29
158
82
78
165
104
89
110
82
48
88
101
88
121
64
71
69
88
115
72
50
102
61
89
56
67
101
54
81
90
58
137
38
99
79
114
61
106
67
82
21
80
55
72
114
92
68
51
109
82
84
53
91
49
105
54
92
113
44
129
100
71
106
71
130
46
73
120
91
70
55
32
106
65
60
114
72
91
26
130
63
70
149
75
112
98
41
98
30
113
117
60
61
107
44
43
93
119
104
101
117
62
99
86
105
62
37
83
81
22
53
141
78
92
58
53
121
93
46
56
77
56
97
53
64
56
80
44
83
93
72
18
101
71
100
57
92
108
34
155
67
59
77
90
72
92
66
117
35
52
120
50
85
74
99
53
27
86
75
86
57
61
72
79
90
139
121
83
114
98
132
50
46
37
71
44
96
63
39
84
61
45
34
67
27
101
65
61
87
60
79
76
13
61
97
86
86
101
95
20
38
127
82
59
46
95
89
60
60
66
95
102
49
96
62
60
38
73
112
45
73
64
107
107
12
24
117
57
131
71
31
94
94
56
81
88
108
127
65
31
97
93
87
21
43
129
88
66
84
41
83
61
90
79
113
53
26
96
112
46
79
93
36
71
36
95
70
75
38
80
74
128
37
117
17
64
27
83
116
44
128
87
115
77
101
27
111
91
56
85
70
120
52
124
45
21
52
24
51
49
51
92
98
75
88
105
59
73
92
30
75
80
105
49
136
50
88
99
125
110
81
53
107
90
69
81
86
15
74
89
86
63
75
83
105
74
85
72
58
84
34
84
67
109
78
66
107
58
59
117
94
42
72
43
64
108
69
118
40
64
66
45
52
80
54
71
76
51
57
79
89
85
113
91
68
33
109
77
70
42
170
54
68
65
49
42
112
54
117
71
64
97
85
63
127
61
61
126
99
91
62
49
29
46
52
62
101
59
83
97
81
89
31
65
89
55
52
49
36
71
65
39
112
79
72
41
65
88
70
79
69
130
88
54
143
36
76
55
135
95
82
98
81
25
74
115
74
85
27
70
91
78
128
136
108
77
97
81
78
78
61
78
52
16
38
94
123
81
65
57
85
101
84
110
43
111
71
80
72
61
85
51
116
117
81
49
77
42
67
97
50
121
66
55
43
47
48
127
49
63
92
65
66
110
62
113
35
77
51
43
23
58
121
118
56
138
104
135
36
86
96
81
84
76
101
80
79
25
73
27
140
151
83
83
45
19
85
137
41
59
68
101
77
44
101
56
101
90
117
102
52
119
5
91
109
151
62
44
71
108
77
55
81
68
56
82
43
55
70
49
71
26
101
88
78
92
49
72
73
94
36
74
61
37
63
105
104
89
119
57
60
82
57
44
138
81
89
76
111
80
104
101
119
116
93
82
65
77
64
55
52
64
132
117
55
55
134
67
46
95
115
34
88
71
81
98
101
15
75
53
59
86
85
77
42
86
50
123
56
20
50
67
31
40
39
115
59
72
96
61
75
69
60
80
102
62
22
50
70
104
61
61
117
87
97
45
40
69
77
73
114
140
101
67
100
86
61
41
86
1
62
50
87
64
70
59
174
78
76
169
76
81
20
60
101
59
105
116
52
70
85
76
98
78
42
88
69
65
56
57
22
59
89
158
105
91
145
70
69
59
54
90
105
60
101
70
56
115
61
90
86
35
73
63
99
104
104
82
47
118
118
79
64
70
71
66
78
98
78
55
71
64
76
77
117
66
82
83
89
88
51
56
70
97
75
104
118
65
18
91
45
89
88
131
95
72
71
93
109
68
91
70
63
47
33
90
49
61
75
68
101
134
43
93
25
73
123
61
94
60
86
57
78
138
103
69
43
58
92
84
115
110
103
77
42
35
88
88
86
84
97
49
123
68
70
59
65
17
79
36
54
43
73
79
109
72
93
72
31
76
73
68
90
69
104
111
95
49
76
51
89
51
78
76
92
60
35
80
85
42
34
116
82
91
113
54
97
68
84
87
124
108
77
112
85
108
125
109
82
42
97
30
70
33
63
52
92
43
114
54
58
57
54
62
98
87
97
82